function [params,y0] = tempDrugODE_params()
% ODEfun_loadParams.m 
% Automatically generated by Netflux on 09-Apr-2024
 
% species parameters 
speciesNames = {'aAR','AC','Akt','aMHC','AngII','ANP','ANPi','AT1R','ATF2','BAR','bMHC','BNP','BNPi','Calcium','CaM','CaMK','cAMP','CaN','CellArea','cFos','cGMP','cJun','CREB','CT1','DAG','EGF','EGFR','eIF2B','eIF4E','ELK1','ERBB','ERK12','ERK5','ET1','ET1R','FAK','FGF','FGFR','foxo','Gaq11','GATA4','GBG','GCA','gp130LIFR','Gsa','GSK3B','HDAC','IGF1','IGF1R','IkB','IKK','IL6','IL6R','Integrins','IP3','ISO','JAK','JNK','LIF','MAP3K11','MAP3K23','MAP3K4','MAPKAPK','MEF2','MEK12','MEK36','MEK4','MEK5','MEK7','MEKK1','MSK1','mTor','NE','NFAT','NFkB','NIK','NOS','NRG1','p38','p70s6k','PDK1','PE','PI3K','PKA','PKC','PKD','PKG1','PLCB','PLCG','Rac1','Raf1','Raf1A','Ras','RhoA','sACT','SERCA','sGC','SHP2','SRF','STAT','Stretch','TAK1','TGFB','TGFR','TNFa','TNFR','PGR','NR3C1','CDK2','CEBPB','DUSP1','HDAC1','LCK','lig',}; 
tau = [1, 1, 1, 1, 1, 1, 1, 1, 1, 1, 1, 1, 1, 1, 1, 1, 1, 1, 1, 1, 1, 1, 1, 1, 1, 1, 1, 1, 1, 1, 1, 1, 1, 1, 1, 1, 1, 1, 1, 1, 1, 1, 1, 1, 1, 1, 1, 1, 1, 1, 1, 1, 1, 1, 1, 1, 1, 1, 1, 1, 1, 1, 1, 1, 1, 1, 1, 1, 1, 1, 1, 1, 1, 1, 1, 1, 1, 1, 1, 1, 1, 1, 1, 1, 1, 1, 1, 1, 1, 1, 1, 1, 1, 1, 1, 1, 1, 1, 1, 1, 1, 1, 1, 1, 1, 1, 1, 1, 1, 1, 1, 1, 1, 1, ]; 
ymax = [1, 1, 1, 1, 1, 1, 1, 1, 1, 1, 1, 1, 1, 1, 1, 1, 1, 1, 1, 1, 1, 1, 1, 1, 1, 1, 1, 1, 1, 1, 1, 1, 1, 1, 1, 1, 1, 1, 1, 1, 1, 1, 1, 1, 1, 1, 1, 1, 1, 1, 1, 1, 1, 1, 1, 1, 1, 1, 1, 1, 1, 1, 1, 1, 1, 1, 1, 1, 1, 1, 1, 1, 1, 1, 1, 1, 1, 1, 1, 1, 1, 1, 1, 1, 1, 1, 1, 1, 1, 1, 1, 1, 1, 1, 1, 1, 1, 1, 1, 1, 1, 1, 1, 1, 1, 1, 1, 1, 1, 1, 1, 1, 1, 1, ];
 
% reaction parameters 
w = [2.000000e-02, 2.000000e-02, 2.000000e-02, 2.000000e-02, 2.000000e-02, 2.000000e-02, 2.000000e-02, 2.000000e-02, 2.000000e-02, 2.000000e-02, 2.000000e-02, 2.000000e-02, 2.000000e-02, 2.000000e-02, 2.000000e-02, 2.000000e-02, 2.000000e-02, 1, 1, 1, 1, 1, 1, 1, 1, 1, 1, 1, 1, 1, 1, 1, 1, 1, 1, 1, 1, 1, 1, 1, 1, 1, 1, 1, 1, 1, 1, 1, 1, 1, 1, 1, 1, 1, 1, 1, 1, 1, 1, 1, 1, 1, 1, 1, 1, 1, 1, 1, 1, 1, 1, 1, 1, 1, 1, 1, 1, 1, 1, 1, 1, 1, 1, 1, 1, 1, 1, 1, 1, 1, 1, 1, 1, 1, 1, 1, 1, 1, 1, 1, 1, 1, 1, 1, 1, 1, 1, 1, 1, 1, 1, 1, 1, 1, 1, 1, 1, 1, 1, 1, 1, 1, 1, 1, 1, 1, 1, 1, 1, 1, 1, 1, 1, 1, 1, 1, 1, 1, 1, 1, 1, 1, 1, 1, 1, 1, 1, 1, 1, 1, 1, 1, 1, 1, 1, 1, 1, 1, 1, 1, 1, 1, 1, 1, 1, 1, 1, 1, 1, 1, 1, 1, 1, 1, 1, 1, 1, 1, 1, 1, 1, 1, 1, 1, 1, 1, 1, 1, 1, 1, 1, 5.000000e-01, 1, 1, 1.000000e-01, 1, 1, 1, 1, 1, 1, 1, 1, 1, 1, 1, 1, ]; 
n = [1.223000e+00, 1.223000e+00, 1.223000e+00, 1.223000e+00, 1.223000e+00, 1.223000e+00, 1.223000e+00, 1.223000e+00, 1.223000e+00, 1.223000e+00, 1.223000e+00, 1.223000e+00, 1.223000e+00, 1.223000e+00, 1.223000e+00, 1.223000e+00, 1.223000e+00, 1.223000e+00, 1.223000e+00, 1.223000e+00, 1.223000e+00, 1.223000e+00, 1.223000e+00, 1.223000e+00, 1.223000e+00, 1.223000e+00, 1.223000e+00, 1.223000e+00, 1.223000e+00, 1.223000e+00, 1.223000e+00, 1.223000e+00, 1.223000e+00, 1.223000e+00, 1.223000e+00, 1.223000e+00, 1.223000e+00, 1.223000e+00, 1.223000e+00, 1.223000e+00, 1.223000e+00, 1.223000e+00, 1.223000e+00, 1.223000e+00, 1.223000e+00, 1.223000e+00, 1.223000e+00, 1.223000e+00, 1.223000e+00, 1.223000e+00, 1.223000e+00, 1.223000e+00, 1.223000e+00, 1.223000e+00, 1.223000e+00, 1.223000e+00, 1.223000e+00, 1.223000e+00, 1.223000e+00, 1.223000e+00, 1.223000e+00, 1.223000e+00, 1.223000e+00, 1.223000e+00, 1.223000e+00, 1.223000e+00, 1.223000e+00, 1.223000e+00, 1.223000e+00, 1.223000e+00, 1.223000e+00, 1.223000e+00, 1.223000e+00, 1.223000e+00, 1.223000e+00, 1.223000e+00, 1.223000e+00, 1.223000e+00, 1.223000e+00, 1.223000e+00, 1.223000e+00, 1.223000e+00, 1.223000e+00, 1.223000e+00, 1.223000e+00, 1.223000e+00, 1.223000e+00, 1.223000e+00, 1.223000e+00, 1.223000e+00, 1.223000e+00, 1.223000e+00, 1.223000e+00, 1.223000e+00, 1.223000e+00, 1.223000e+00, 1.223000e+00, 1.223000e+00, 1.223000e+00, 1.223000e+00, 1.223000e+00, 1.223000e+00, 1.223000e+00, 1.223000e+00, 1.223000e+00, 1.223000e+00, 1.223000e+00, 1.223000e+00, 1.223000e+00, 1.223000e+00, 1.223000e+00, 1.223000e+00, 1.223000e+00, 1.223000e+00, 1.223000e+00, 1.223000e+00, 1.223000e+00, 1.223000e+00, 1.223000e+00, 1.223000e+00, 1.223000e+00, 1.223000e+00, 1.223000e+00, 1.223000e+00, 1.223000e+00, 1.223000e+00, 1.223000e+00, 1.223000e+00, 1.223000e+00, 1.223000e+00, 1.223000e+00, 1.223000e+00, 1.223000e+00, 1.223000e+00, 1.223000e+00, 1.223000e+00, 1.223000e+00, 1.223000e+00, 1.223000e+00, 1.223000e+00, 1.223000e+00, 1.223000e+00, 1.223000e+00, 1.223000e+00, 1.223000e+00, 1.223000e+00, 1.223000e+00, 1.223000e+00, 1.223000e+00, 1.223000e+00, 1.223000e+00, 1.223000e+00, 1.223000e+00, 1.223000e+00, 1.223000e+00, 1.223000e+00, 1.223000e+00, 1.223000e+00, 1.223000e+00, 1.223000e+00, 1.223000e+00, 1.223000e+00, 1.223000e+00, 1.223000e+00, 1.223000e+00, 1.223000e+00, 1.223000e+00, 1.223000e+00, 1.223000e+00, 1.223000e+00, 1.223000e+00, 1.223000e+00, 1.223000e+00, 1.223000e+00, 1.223000e+00, 1.223000e+00, 1.223000e+00, 1.223000e+00, 1.223000e+00, 1.223000e+00, 1.223000e+00, 1.223000e+00, 1.223000e+00, 1.223000e+00, 1.223000e+00, 1.223000e+00, 1.223000e+00, 1.223000e+00, 1.223000e+00, 1.223000e+00, 1.223000e+00, 1.223000e+00, 1.223000e+00, 1.223000e+00, 1.223000e+00, 1.223000e+00, 1.223000e+00, 1.223000e+00, 1.223000e+00, 1.223000e+00, 1.223000e+00, 1.223000e+00, 1.223000e+00, 1.223000e+00, 1.223000e+00, 1.223000e+00, 1.223000e+00, ]; 
